Name:
0-12-5
Number of Vehicles:
12
Number of Demand Locations:
5
Demands:
29, 27, 20, 16, 15
Warehouse Coordinates:
773,5899490181309, 63,20997330509591

Customer Coordinates:
286, 358
822, 58
718, 126
66, 367
122, 868

Distance Matrix:
0,00, 569,78, 48,69, 83,86, 770,05, 1035,50
569,78, 0,00, 614,24, 490,35, 220,18, 535,72
48,69, 614,24, 0,00, 124,26, 816,71, 1070,56
83,86, 490,35, 124,26, 0,00, 695,12, 951,72
770,05, 220,18, 816,71, 695,12, 0,00, 504,12
1035,50, 535,72, 1070,56, 951,72, 504,12, 0,00
