Name:
1-12-5
Number of Vehicles:
12
Number of Demand Locations:
5
Demands:
10, 23, 28, 22, 22
Warehouse Coordinates:
775,3006479587875, 545,0378072192137

Customer Coordinates:
985, 777
137, 462
258, 441
651, 661
43, 719

Distance Matrix:
0,00, 312,70, 643,68, 527,66, 169,99, 752,68
312,70, 0,00, 904,62, 800,89, 353,57, 943,78
643,68, 904,62, 0,00, 122,81, 551,18, 273,65
527,66, 800,89, 122,81, 0,00, 450,39, 351,44
169,99, 353,57, 551,18, 450,39, 0,00, 610,76
752,68, 943,78, 273,65, 351,44, 610,76, 0,00
