Name:
2-12-5
Number of Vehicles:
12
Number of Demand Locations:
5
Demands:
13, 12, 21, 21, 27
Warehouse Coordinates:
736,0224992670223, 753,2867355054649

Customer Coordinates:
404, 159
476, 886
81, 286
813, 538
341, 426

Distance Matrix:
0,00, 680,75, 291,93, 804,62, 228,63, 512,99
680,75, 0,00, 730,56, 347,07, 557,60, 274,33
291,93, 730,56, 0,00, 718,35, 484,43, 479,40
804,62, 347,07, 718,35, 0,00, 774,16, 295,30
228,63, 557,60, 484,43, 774,16, 0,00, 485,11
512,99, 274,33, 479,40, 295,30, 485,11, 0,00
