Name:
2-5-20
Number of Vehicles:
5
Number of Demand Locations:
20
Demands:
27, 19, 20, 22, 27, 20, 28, 23, 15, 26, 26, 25, 19, 17, 15, 22, 21, 26, 15, 14
Warehouse Coordinates:
183,59860041346334, 610,0191583903596

Customer Coordinates:
909, 874
666, 445
62, 638
813, 192
261, 642
509, 796
505, 316
348, 656
244, 95
153, 472
14, 177
82, 292
529, 245
291, 947
730, 67
329, 378
130, 285
972, 679
220, 561
194, 422

Distance Matrix:
<<<<<<< HEAD
0.00, 771.94, 509.85, 124.78, 755.57, 83.75, 374.80, 435.60, 170.71, 518.55, 141.37, 465.05, 333.85, 502.53, 353.68, 770.34, 273.81, 329.41, 791.41, 61.06, 188.31
771.94, 0.00, 493.04, 879.26, 688.72, 688.28, 407.53, 688.90, 601.87, 1024.24, 856.24, 1134.39, 1011.26, 734.87, 622.30, 826.61, 763.16, 976.61, 204.92, 756.76, 845.89
509.85, 493.04, 0.00, 634.09, 292.61, 450.37, 384.51, 206.31, 381.63, 548.26, 513.71, 704.93, 603.71, 242.42, 626.60, 383.38, 343.60, 559.37, 385.22, 460.84, 472.56
124.78, 879.26, 634.09, 0.00, 873.45, 199.04, 474.10, 547.66, 286.57, 572.69, 189.31, 463.49, 346.58, 610.36, 384.61, 878.79, 372.68, 359.49, 910.92, 175.76, 253.14
755.57, 688.72, 292.61, 873.45, 0.00, 712.18, 676.19, 332.02, 656.90, 577.21, 716.94, 799.14, 737.81, 288.90, 917.88, 150.05, 518.51, 689.30, 512.30, 698.43, 660.35
83.75, 688.28, 450.37, 199.04, 712.18, 0.00, 291.92, 407.20, 88.12, 547.26, 201.41, 526.53, 393.12, 478.99, 306.47, 742.01, 272.62, 380.28, 711.96, 90.79, 229.98
374.80, 407.53, 384.51, 474.10, 676.19, 291.92, 0.00, 480.02, 213.36, 749.42, 481.36, 792.58, 660.56, 551.36, 265.19, 761.76, 455.11, 636.21, 477.55, 372.49, 488.98
435.60, 688.90, 206.31, 547.66, 332.02, 407.20, 480.02, 0.00, 374.50, 342.00, 385.02, 510.30, 423.68, 74.95, 666.30, 335.60, 186.60, 376.28, 591.49, 375.83, 328.57
170.71, 601.87, 381.63, 286.57, 656.90, 88.12, 213.36, 374.50, 0.00, 570.56, 268.11, 583.95, 450.83, 449.09, 296.53, 702.03, 278.65, 430.31, 624.42, 159.40, 280.13
518.55, 1024.24, 548.26, 572.69, 577.21, 547.26, 749.42, 342.00, 570.56, 0.00, 387.83, 244.18, 255.05, 322.06, 853.30, 486.81, 295.49, 221.58, 933.30, 466.62, 330.80
141.37, 856.24, 513.71, 189.31, 716.94, 201.41, 481.36, 385.02, 268.11, 387.83, 0.00, 326.11, 193.50, 439.21, 494.64, 704.95, 199.53, 188.41, 844.75, 111.40, 64.66
465.05, 1134.39, 704.93, 463.49, 799.14, 526.53, 792.58, 510.30, 583.95, 244.18, 326.11, 0.00, 133.60, 519.47, 818.31, 724.40, 373.67, 158.49, 1081.56, 435.77, 304.01
333.85, 1011.26, 603.71, 346.58, 737.81, 393.12, 660.56, 423.68, 450.83, 255.05, 193.50, 133.60, 0.00, 449.46, 687.54, 685.95, 261.54, 48.51, 970.50, 302.33, 171.59
502.53, 734.87, 242.42, 610.36, 288.90, 478.99, 551.36, 74.95, 449.09, 322.06, 439.21, 519.47, 449.46, 0.00, 741.25, 268.49, 240.19, 401.00, 620.17, 441.97, 378.89
353.68, 622.30, 626.60, 384.61, 917.88, 306.47, 265.19, 666.30, 296.53, 853.30, 494.64, 818.31, 687.54, 741.25, 0.00, 983.42, 570.27, 681.30, 731.84, 392.48, 533.89
770.34, 826.61, 383.38, 878.79, 150.05, 742.01, 761.76, 335.60, 702.03, 486.81, 704.95, 724.40, 685.95, 268.49, 983.42, 0.00, 507.47, 638.38, 658.11, 710.03, 642.90
273.81, 763.16, 343.60, 372.68, 518.51, 272.62, 455.11, 186.60, 278.65, 295.49, 199.53, 373.67, 261.54, 240.19, 570.27, 507.47, 0.00, 219.66, 709.96, 213.00, 141.99
329.41, 976.61, 559.37, 359.49, 689.30, 380.28, 636.21, 376.28, 430.31, 221.58, 188.41, 158.49, 48.51, 401.00, 681.30, 638.38, 219.66, 0.00, 929.62, 290.30, 151.21
791.41, 204.92, 385.22, 910.92, 512.30, 711.96, 477.55, 591.49, 624.42, 933.30, 844.75, 1081.56, 970.50, 620.17, 731.84, 658.11, 709.96, 929.62, 0.00, 761.20, 819.35
61.06, 756.76, 460.84, 175.76, 698.43, 90.79, 372.49, 375.83, 159.40, 466.62, 111.40, 435.77, 302.33, 441.97, 392.48, 710.03, 213.00, 290.30, 761.20, 0.00, 141.41
188.31, 845.89, 472.56, 253.14, 660.35, 229.98, 488.98, 328.57, 280.13, 330.80, 64.66, 304.01, 171.59, 378.89, 533.89, 642.90, 141.99, 151.21, 819.35, 141.41, 0.00
=======
0,00, 771,94, 509,85, 124,78, 755,57, 83,75, 374,80, 435,60, 170,71, 518,55, 141,37, 465,05, 333,85, 502,53, 353,68, 770,34, 273,81, 329,41, 791,41, 61,06, 188,31
771,94, 0,00, 493,04, 879,26, 688,72, 688,28, 407,53, 688,90, 601,87, 1024,24, 856,24, 1134,39, 1011,26, 734,87, 622,30, 826,61, 763,16, 976,61, 204,92, 756,76, 845,89
509,85, 493,04, 0,00, 634,09, 292,61, 450,37, 384,51, 206,31, 381,63, 548,26, 513,71, 704,93, 603,71, 242,42, 626,60, 383,38, 343,60, 559,37, 385,22, 460,84, 472,56
124,78, 879,26, 634,09, 0,00, 873,45, 199,04, 474,10, 547,66, 286,57, 572,69, 189,31, 463,49, 346,58, 610,36, 384,61, 878,79, 372,68, 359,49, 910,92, 175,76, 253,14
755,57, 688,72, 292,61, 873,45, 0,00, 712,18, 676,19, 332,02, 656,90, 577,21, 716,94, 799,14, 737,81, 288,90, 917,88, 150,05, 518,51, 689,30, 512,30, 698,43, 660,35
83,75, 688,28, 450,37, 199,04, 712,18, 0,00, 291,92, 407,20, 88,12, 547,26, 201,41, 526,53, 393,12, 478,99, 306,47, 742,01, 272,62, 380,28, 711,96, 90,79, 229,98
374,80, 407,53, 384,51, 474,10, 676,19, 291,92, 0,00, 480,02, 213,36, 749,42, 481,36, 792,58, 660,56, 551,36, 265,19, 761,76, 455,11, 636,21, 477,55, 372,49, 488,98
435,60, 688,90, 206,31, 547,66, 332,02, 407,20, 480,02, 0,00, 374,50, 342,00, 385,02, 510,30, 423,68, 74,95, 666,30, 335,60, 186,60, 376,28, 591,49, 375,83, 328,57
170,71, 601,87, 381,63, 286,57, 656,90, 88,12, 213,36, 374,50, 0,00, 570,56, 268,11, 583,95, 450,83, 449,09, 296,53, 702,03, 278,65, 430,31, 624,42, 159,40, 280,13
518,55, 1024,24, 548,26, 572,69, 577,21, 547,26, 749,42, 342,00, 570,56, 0,00, 387,83, 244,18, 255,05, 322,06, 853,30, 486,81, 295,49, 221,58, 933,30, 466,62, 330,80
141,37, 856,24, 513,71, 189,31, 716,94, 201,41, 481,36, 385,02, 268,11, 387,83, 0,00, 326,11, 193,50, 439,21, 494,64, 704,95, 199,53, 188,41, 844,75, 111,40, 64,66
465,05, 1134,39, 704,93, 463,49, 799,14, 526,53, 792,58, 510,30, 583,95, 244,18, 326,11, 0,00, 133,60, 519,47, 818,31, 724,40, 373,67, 158,49, 1081,56, 435,77, 304,01
333,85, 1011,26, 603,71, 346,58, 737,81, 393,12, 660,56, 423,68, 450,83, 255,05, 193,50, 133,60, 0,00, 449,46, 687,54, 685,95, 261,54, 48,51, 970,50, 302,33, 171,59
502,53, 734,87, 242,42, 610,36, 288,90, 478,99, 551,36, 74,95, 449,09, 322,06, 439,21, 519,47, 449,46, 0,00, 741,25, 268,49, 240,19, 401,00, 620,17, 441,97, 378,89
353,68, 622,30, 626,60, 384,61, 917,88, 306,47, 265,19, 666,30, 296,53, 853,30, 494,64, 818,31, 687,54, 741,25, 0,00, 983,42, 570,27, 681,30, 731,84, 392,48, 533,89
770,34, 826,61, 383,38, 878,79, 150,05, 742,01, 761,76, 335,60, 702,03, 486,81, 704,95, 724,40, 685,95, 268,49, 983,42, 0,00, 507,47, 638,38, 658,11, 710,03, 642,90
273,81, 763,16, 343,60, 372,68, 518,51, 272,62, 455,11, 186,60, 278,65, 295,49, 199,53, 373,67, 261,54, 240,19, 570,27, 507,47, 0,00, 219,66, 709,96, 213,00, 141,99
329,41, 976,61, 559,37, 359,49, 689,30, 380,28, 636,21, 376,28, 430,31, 221,58, 188,41, 158,49, 48,51, 401,00, 681,30, 638,38, 219,66, 0,00, 929,62, 290,30, 151,21
791,41, 204,92, 385,22, 910,92, 512,30, 711,96, 477,55, 591,49, 624,42, 933,30, 844,75, 1081,56, 970,50, 620,17, 731,84, 658,11, 709,96, 929,62, 0,00, 761,20, 819,35
61,06, 756,76, 460,84, 175,76, 698,43, 90,79, 372,49, 375,83, 159,40, 466,62, 111,40, 435,77, 302,33, 441,97, 392,48, 710,03, 213,00, 290,30, 761,20, 0,00, 141,41
188,31, 845,89, 472,56, 253,14, 660,35, 229,98, 488,98, 328,57, 280,13, 330,80, 64,66, 304,01, 171,59, 378,89, 533,89, 642,90, 141,99, 151,21, 819,35, 141,41, 0,00
>>>>>>> origin/master
