Name:
3-5-20
Number of Vehicles:
5
Number of Demand Locations:
20
Demands:
28, 25, 13, 29, 14, 22, 28, 10, 10, 27, 16, 21, 28, 15, 12, 18, 26, 21, 19, 26
Warehouse Coordinates:
349.81309825080126, 736.0390544571164

Customer Coordinates:
165, 806
14, 64
350, 21
551, 548
369, 378
588, 630
718, 239
186, 979
498, 501
731, 265
824, 23
37, 117
270, 622
199, 222
305, 294
466, 925
944, 630
506, 632
888, 980
755, 517

Distance Matrix:
0.00, 197.61, 751.27, 715.04, 275.38, 358.55, 260.72, 618.55, 293.03, 277.85, 605.95, 856.32, 693.59, 139.19, 535.71, 444.30, 221.82, 603.57, 187.67, 590.90, 460.60
197.61, 0.00, 757.21, 806.50, 464.28, 474.13, 458.15, 792.02, 174.27, 451.57, 782.97, 1023.41, 700.79, 211.85, 584.99, 530.80, 323.67, 798.63, 382.83, 743.64, 656.98
751.27, 757.21, 0.00, 338.74, 722.93, 473.94, 806.12, 725.42, 931.03, 652.09, 744.64, 811.04, 57.78, 613.92, 243.29, 370.92, 972.43, 1088.69, 751.46, 1266.07, 868.50
715.04, 806.50, 338.74, 0.00, 564.03, 357.51, 653.85, 427.72, 971.94, 502.30, 452.43, 474.00, 327.39, 606.30, 251.40, 276.68, 911.41, 850.72, 630.60, 1099.60, 640.34
275.38, 464.28, 722.93, 564.03, 0.00, 249.05, 89.96, 351.24, 564.79, 70.84, 335.39, 591.74, 670.79, 290.58, 479.77, 353.60, 386.46, 401.46, 95.29, 547.90, 206.34
358.55, 474.13, 473.94, 357.51, 249.05, 0.00, 333.86, 375.66, 628.24, 178.24, 379.23, 577.10, 422.31, 263.32, 230.73, 105.60, 555.53, 627.80, 288.59, 794.84, 410.26
260.72, 458.15, 806.12, 653.85, 89.96, 333.86, 0.00, 412.04, 532.36, 157.29, 392.01, 651.26, 752.84, 318.10, 563.72, 439.30, 319.23, 356.00, 82.02, 460.98, 201.64
618.55, 792.02, 725.42, 427.72, 351.24, 375.66, 412.04, 0.00, 911.39, 342.12, 29.07, 240.61, 691.84, 589.40, 519.28, 416.65, 730.82, 451.62, 446.53, 760.25, 280.45
293.03, 174.27, 931.03, 971.94, 564.79, 628.24, 532.36, 911.39, 0.00, 570.81, 898.23, 1149.34, 874.78, 366.75, 757.11, 695.26, 285.16, 834.48, 472.03, 702.00, 732.94
277.85, 451.57, 652.09, 502.30, 70.84, 178.24, 157.29, 342.12, 570.81, 0.00, 331.64, 578.58, 599.98, 258.12, 408.95, 283.02, 425.21, 464.28, 131.24, 617.69, 257.50
605.95, 782.97, 744.64, 452.43, 335.39, 379.23, 392.01, 29.07, 898.23, 331.64, 0.00, 259.25, 709.61, 583.07, 533.73, 426.99, 711.21, 422.60, 430.48, 732.03, 253.14
856.32, 1023.41, 811.04, 474.00, 591.74, 577.10, 651.26, 240.61, 1149.34, 578.58, 259.25, 0.00, 792.59, 815.91, 655.92, 585.49, 970.45, 618.75, 687.03, 959.14, 498.80
693.59, 700.79, 57.78, 327.39, 670.79, 422.31, 752.84, 691.84, 874.78, 599.98, 709.61, 792.59, 0.00, 556.16, 193.05, 321.17, 914.83, 1042.03, 696.55, 1212.01, 821.90
139.19, 211.85, 613.92, 606.30, 290.58, 263.32, 318.10, 589.40, 366.75, 258.12, 583.07, 815.91, 556.16, 0.00, 406.25, 329.86, 360.87, 674.05, 236.21, 714.20, 496.24
535.71, 584.99, 243.29, 251.40, 479.77, 230.73, 563.72, 519.28, 757.11, 408.95, 533.73, 655.92, 193.05, 406.25, 0.00, 128.14, 752.00, 849.41, 512.20, 1024.35, 629.41
444.30, 530.80, 370.92, 276.68, 353.60, 105.60, 439.30, 416.65, 695.26, 283.02, 426.99, 585.49, 321.17, 329.86, 128.14, 0.00, 651.22, 721.95, 393.25, 900.27, 502.22
221.82, 323.67, 972.43, 911.41, 386.46, 555.53, 319.23, 730.82, 285.16, 425.21, 711.21, 970.45, 914.83, 360.87, 752.00, 651.22, 0.00, 561.70, 295.72, 425.57, 499.98
603.57, 798.63, 1088.69, 850.72, 401.46, 627.80, 356.00, 451.62, 834.48, 464.28, 422.60, 618.75, 1042.03, 674.05, 849.41, 721.95, 561.70, 0.00, 438.00, 354.45, 220.20
187.67, 382.83, 751.46, 630.60, 95.29, 288.59, 82.02, 446.53, 472.03, 131.24, 430.48, 687.03, 696.55, 236.21, 512.20, 393.25, 295.72, 438.00, 0.00, 516.75, 274.27
590.90, 743.64, 1266.07, 1099.60, 547.90, 794.84, 460.98, 760.25, 702.00, 617.69, 732.03, 959.14, 1212.01, 714.20, 1024.35, 900.27, 425.57, 354.45, 516.75, 0.00, 481.72
460.60, 656.98, 868.50, 640.34, 206.34, 410.26, 201.64, 280.45, 732.94, 257.50, 253.14, 498.80, 821.90, 496.24, 629.41, 502.22, 499.98, 220.20, 274.27, 481.72, 0.00
