Name:
8-5-20
Number of Vehicles:
5
Number of Demand Locations:
20
Demands:
22, 24, 21, 16, 22, 23, 22, 26, 15, 28, 25, 11, 27, 28, 13, 27, 12, 25, 25, 27
Warehouse Coordinates:
816,2316702381855, 498,2717039521186

Customer Coordinates:
550, 81
27, 577
194, 106
168, 256
269, 440
651, 926
190, 741
381, 224
255, 117
150, 171
404, 607
569, 301
94, 203
521, 251
629, 25
394, 883
446, 89
664, 626
808, 169
438, 773

Distance Matrix:
<<<<<<< HEAD
0.00, 494.97, 793.15, 735.56, 692.03, 550.33, 458.53, 671.63, 514.44, 678.49, 742.27, 426.33, 316.29, 780.26, 385.10, 508.96, 571.22, 551.88, 198.72, 329.37, 467.48
494.97, 0.00, 720.79, 356.88, 420.18, 455.90, 851.01, 751.80, 221.38, 297.19, 410.00, 545.89, 220.82, 472.04, 172.46, 96.83, 817.03, 104.31, 556.80, 272.59, 701.00
793.15, 720.79, 0.00, 499.73, 350.60, 278.09, 714.97, 231.22, 499.92, 513.40, 424.22, 378.19, 608.23, 379.95, 591.87, 816.77, 477.83, 643.20, 638.88, 881.15, 455.34
735.56, 356.88, 499.73, 0.00, 152.24, 342.32, 938.75, 635.01, 221.12, 61.98, 78.49, 543.23, 422.67, 139.32, 357.71, 442.48, 802.33, 252.57, 700.93, 617.22, 710.23
692.03, 420.18, 350.60, 152.24, 0.00, 209.90, 825.95, 485.50, 215.39, 163.98, 86.88, 422.96, 403.52, 91.02, 353.04, 515.64, 666.49, 324.30, 618.80, 645.89, 583.26
550.33, 455.90, 278.09, 342.32, 209.90, 0.00, 618.16, 311.19, 243.31, 323.30, 294.15, 214.74, 330.64, 294.61, 315.00, 549.39, 460.30, 393.10, 436.60, 603.29, 373.43
458.53, 851.01, 714.97, 938.75, 825.95, 618.16, 0.00, 496.74, 752.13, 900.72, 906.10, 403.45, 630.36, 912.68, 687.40, 901.27, 260.57, 861.74, 300.28, 773.11, 262.26
671.63, 751.80, 231.22, 635.01, 485.50, 311.19, 496.74, 0.00, 551.15, 627.38, 571.40, 252.49, 580.72, 546.50, 591.32, 839.87, 248.56, 700.46, 487.75, 842.09, 250.06
514.44, 221.38, 499.92, 221.12, 215.39, 243.31, 752.13, 551.15, 0.00, 165.30, 237.00, 383.69, 203.16, 287.77, 142.58, 317.97, 659.13, 149.83, 491.62, 430.53, 551.95
678.49, 297.19, 513.40, 61.98, 163.98, 323.30, 900.72, 627.38, 165.30, 0.00, 118.07, 512.15, 363.94, 182.53, 297.85, 385.15, 778.51, 193.04, 652.96, 555.44, 681.05
742.27, 410.00, 424.22, 78.49, 86.88, 294.15, 906.10, 571.40, 237.00, 118.07, 0.00, 504.59, 438.70, 64.50, 379.53, 500.76, 752.65, 307.15, 686.46, 658.00, 667.34
426.33, 545.89, 378.19, 543.23, 422.96, 214.74, 403.45, 252.49, 383.69, 512.15, 504.59, 0.00, 347.65, 509.23, 374.73, 623.98, 276.18, 519.70, 260.69, 595.87, 169.45
316.29, 220.82, 608.23, 422.67, 403.52, 330.64, 630.36, 580.72, 203.16, 363.94, 438.70, 347.65, 0.00, 485.00, 69.31, 282.45, 607.74, 245.10, 338.60, 273.03, 489.84
780.26, 472.04, 379.95, 139.32, 91.02, 294.61, 912.68, 546.50, 287.77, 182.53, 64.50, 509.23, 485.00, 0.00, 429.69, 563.83, 743.24, 370.00, 709.81, 714.81, 665.76
385.10, 172.46, 591.87, 357.71, 353.04, 315.00, 687.40, 591.32, 142.58, 297.85, 379.53, 374.73, 69.31, 429.69, 0.00, 250.48, 644.63, 178.52, 401.34, 298.48, 528.56
508.96, 96.83, 816.77, 442.48, 515.64, 549.39, 901.27, 839.87, 317.97, 385.15, 500.76, 623.98, 282.45, 563.83, 250.48, 0.00, 889.60, 193.87, 602.02, 229.73, 772.00
571.22, 817.03, 477.83, 802.33, 666.49, 460.30, 260.57, 248.56, 659.13, 778.51, 752.65, 276.18, 607.74, 743.24, 644.63, 889.60, 0.00, 795.70, 372.76, 825.34, 118.47
551.88, 104.31, 643.20, 252.57, 324.30, 393.10, 861.74, 700.46, 149.83, 193.04, 307.15, 519.70, 245.10, 370.00, 178.52, 193.87, 795.70, 0.00, 579.56, 370.73, 684.05
198.72, 556.80, 638.88, 700.93, 618.80, 436.60, 300.28, 487.75, 491.62, 652.96, 686.46, 260.69, 338.60, 709.81, 401.34, 602.02, 372.76, 579.56, 0.00, 479.15, 269.60
329.37, 272.59, 881.15, 617.22, 645.89, 603.29, 773.11, 842.09, 430.53, 555.44, 658.00, 595.87, 273.03, 714.81, 298.48, 229.73, 825.34, 370.73, 479.15, 0.00, 708.32
467.48, 701.00, 455.34, 710.23, 583.26, 373.43, 262.26, 250.06, 551.95, 681.05, 667.34, 169.45, 489.84, 665.76, 528.56, 772.00, 118.47, 684.05, 269.60, 708.32, 0.00
=======
0,00, 494,97, 793,15, 735,56, 692,03, 550,33, 458,53, 671,63, 514,44, 678,49, 742,27, 426,33, 316,29, 780,26, 385,10, 508,96, 571,22, 551,88, 198,72, 329,37, 467,48
494,97, 0,00, 720,79, 356,88, 420,18, 455,90, 851,01, 751,80, 221,38, 297,19, 410,00, 545,89, 220,82, 472,04, 172,46, 96,83, 817,03, 104,31, 556,80, 272,59, 701,00
793,15, 720,79, 0,00, 499,73, 350,60, 278,09, 714,97, 231,22, 499,92, 513,40, 424,22, 378,19, 608,23, 379,95, 591,87, 816,77, 477,83, 643,20, 638,88, 881,15, 455,34
735,56, 356,88, 499,73, 0,00, 152,24, 342,32, 938,75, 635,01, 221,12, 61,98, 78,49, 543,23, 422,67, 139,32, 357,71, 442,48, 802,33, 252,57, 700,93, 617,22, 710,23
692,03, 420,18, 350,60, 152,24, 0,00, 209,90, 825,95, 485,50, 215,39, 163,98, 86,88, 422,96, 403,52, 91,02, 353,04, 515,64, 666,49, 324,30, 618,80, 645,89, 583,26
550,33, 455,90, 278,09, 342,32, 209,90, 0,00, 618,16, 311,19, 243,31, 323,30, 294,15, 214,74, 330,64, 294,61, 315,00, 549,39, 460,30, 393,10, 436,60, 603,29, 373,43
458,53, 851,01, 714,97, 938,75, 825,95, 618,16, 0,00, 496,74, 752,13, 900,72, 906,10, 403,45, 630,36, 912,68, 687,40, 901,27, 260,57, 861,74, 300,28, 773,11, 262,26
671,63, 751,80, 231,22, 635,01, 485,50, 311,19, 496,74, 0,00, 551,15, 627,38, 571,40, 252,49, 580,72, 546,50, 591,32, 839,87, 248,56, 700,46, 487,75, 842,09, 250,06
514,44, 221,38, 499,92, 221,12, 215,39, 243,31, 752,13, 551,15, 0,00, 165,30, 237,00, 383,69, 203,16, 287,77, 142,58, 317,97, 659,13, 149,83, 491,62, 430,53, 551,95
678,49, 297,19, 513,40, 61,98, 163,98, 323,30, 900,72, 627,38, 165,30, 0,00, 118,07, 512,15, 363,94, 182,53, 297,85, 385,15, 778,51, 193,04, 652,96, 555,44, 681,05
742,27, 410,00, 424,22, 78,49, 86,88, 294,15, 906,10, 571,40, 237,00, 118,07, 0,00, 504,59, 438,70, 64,50, 379,53, 500,76, 752,65, 307,15, 686,46, 658,00, 667,34
426,33, 545,89, 378,19, 543,23, 422,96, 214,74, 403,45, 252,49, 383,69, 512,15, 504,59, 0,00, 347,65, 509,23, 374,73, 623,98, 276,18, 519,70, 260,69, 595,87, 169,45
316,29, 220,82, 608,23, 422,67, 403,52, 330,64, 630,36, 580,72, 203,16, 363,94, 438,70, 347,65, 0,00, 485,00, 69,31, 282,45, 607,74, 245,10, 338,60, 273,03, 489,84
780,26, 472,04, 379,95, 139,32, 91,02, 294,61, 912,68, 546,50, 287,77, 182,53, 64,50, 509,23, 485,00, 0,00, 429,69, 563,83, 743,24, 370,00, 709,81, 714,81, 665,76
385,10, 172,46, 591,87, 357,71, 353,04, 315,00, 687,40, 591,32, 142,58, 297,85, 379,53, 374,73, 69,31, 429,69, 0,00, 250,48, 644,63, 178,52, 401,34, 298,48, 528,56
508,96, 96,83, 816,77, 442,48, 515,64, 549,39, 901,27, 839,87, 317,97, 385,15, 500,76, 623,98, 282,45, 563,83, 250,48, 0,00, 889,60, 193,87, 602,02, 229,73, 772,00
571,22, 817,03, 477,83, 802,33, 666,49, 460,30, 260,57, 248,56, 659,13, 778,51, 752,65, 276,18, 607,74, 743,24, 644,63, 889,60, 0,00, 795,70, 372,76, 825,34, 118,47
551,88, 104,31, 643,20, 252,57, 324,30, 393,10, 861,74, 700,46, 149,83, 193,04, 307,15, 519,70, 245,10, 370,00, 178,52, 193,87, 795,70, 0,00, 579,56, 370,73, 684,05
198,72, 556,80, 638,88, 700,93, 618,80, 436,60, 300,28, 487,75, 491,62, 652,96, 686,46, 260,69, 338,60, 709,81, 401,34, 602,02, 372,76, 579,56, 0,00, 479,15, 269,60
329,37, 272,59, 881,15, 617,22, 645,89, 603,29, 773,11, 842,09, 430,53, 555,44, 658,00, 595,87, 273,03, 714,81, 298,48, 229,73, 825,34, 370,73, 479,15, 0,00, 708,32
467,48, 701,00, 455,34, 710,23, 583,26, 373,43, 262,26, 250,06, 551,95, 681,05, 667,34, 169,45, 489,84, 665,76, 528,56, 772,00, 118,47, 684,05, 269,60, 708,32, 0,00
>>>>>>> origin/master
