Name
CVRP-5-20-1

nodeCount
21

vehicleCount
5

vehicleCapacity
2000

demands
0 50 200 500 250 100 500 300 450 400 200 300 400 150 200 150 500 50 450 350 400 

c
0 458.4157501657202 304.64733709651887 198.16155025635018 617.6026230514245 95.524865872714 310.1112703530783 533.8023978964501 439.14462310268584 474.8652440429811 161.96913286178943 448.7694285487816 348.20827101032506 36.138621999185304 88.56635930193812 127.00393694685216 293.6818005937719 550.5379187667277 619.097730572484 263.8275952208184 152.74161188098023 
458.4157501657202 0 216.31689716709604 260.5091169229975 161.96913286178943 450.87692333939646 471.10508381888644 194.92049661336284 335.393798392278 197.3068675946177 338.6930763980864 341.8669331772232 548.8624600025037 492.74029670811376 542.0747180970535 569.3267954347485 506.9694270860916 342.1300922163965 277.9946042641835 356.58659537341 493.5838327984416 
304.64733709651887 216.31689716709604 0 152.5319638633162 348.20827101032506 263.41032629720496 457.6865739783067 381.4249598544909 186.4242473499625 170.30854353202602 149.45233353815524 436.6646310385122 529.0340253707695 332.2228167961978 393.14373961694974 430.4648650006177 290.69055712217414 267.5556016980396 314.5600101729398 345.14489710844634 292.1095684841563 
198.16155025635018 260.5091169229975 152.5319638633162 0 420.7386362101774 207.15453169071634 307.4166553718259 351.961645637703 333.52061405556327 310.42712510346126 119.80818002123227 329.59672328468315 377.1538147758816 233.00214591286493 281.7800560721074 310.8472293587318 336.01934468122516 419.99047608249407 451.1075259846592 199.64217991196148 263.2299375071156 
617.6026230514245 161.96913286178943 348.20827101032506 420.7386362101774 0 602.1195894504679 620.2015801334272 254.4720023892609 403.01985062773275 244.40130932546168 487.41050460571734 456.27732794869394 697.2660898107695 651.2180894293401 702.4991103197214 730.7318249535872 628.143295753445 357.6940033045005 229.2705825002414 509.878416879946 638.6305661335041 
95.524865872714 450.87692333939646 263.41032629720496 207.15453169071634 602.1195894504679 0 397.13221979587604 559.0348826325599 365.8045926447616 427.5418108208833 115.27792503337315 508.08365452944855 440.8446438372593 97.06183596038146 160.58953888718904 204.70710783946902 198.25236442474022 482.78048842098 569.5586010236348 333.73642294481436 65 
310.1112703530783 471.10508381888644 457.6865739783067 307.4166553718259 620.2015801334272 397.13221979587604 0 419.9738087071621 640.9251126301731 598.2390826417144 391.1278563334501 230.0021739027699 77.78174593052023 332.7296199619144 317.0567772497538 301.95529470436514 588.715551009144 722.3330256882901 726.9092102869519 117.88977903109328 460.17931287705665 
533.8023978964501 194.92049661336284 381.4249598544909 351.961645637703 254.4720023892609 559.0348826325599 419.9738087071621 0 527.1062511486655 391.9387707282861 462.909278368883 215.37177159507232 491.0885867132324 569.9201698483745 602.6881448975083 617.4504028664975 662.7216610312356 535.9934701094782 452.9293543147761 332.41540277189324 614.3525046746371 
439.14462310268584 335.393798392278 186.4242473499625 333.52061405556327 403.01985062773275 365.8045926447616 640.9251126301731 527.1062511486655 0 158.67261893597143 280.2034974799565 617.2795152927075 709.9753516848314 456.82600626496736 521.8620507375489 564.3350068886388 274.2425933366296 121.07848694132248 250.4595775769016 530.5289813007391 361.32257056541596 
474.8652440429811 197.3068675946177 170.30854353202602 310.42712510346126 244.40130932546168 427.5418108208833 598.2390826417144 391.9387707282861 158.67261893597143 0 317.1072373819305 520.8617858895007 673.7358532837628 501.7977680301099 563.2983223834418 600.7703388150917 401.1383801133968 145.49570440394453 144.25324953012324 480.78685506157507 445.87554317320433 
161.96913286178943 338.6930763980864 149.45233353815524 119.80818002123227 487.41050460571734 115.27792503337315 391.1278563334501 462.909278368883 280.2034974799565 317.1072373819305 0 447.7722635447622 450.71165948974516 185.5693940282179 248.80916381837707 288.9221348391293 217.0829334609241 388.9498682349693 460.7168327725828 299.47453981933086 155.58920271021378 
448.7694285487816 341.8669331772232 436.6646310385122 329.59672328468315 456.27732794869394 508.08365452944855 230.0021739027699 215.37177159507232 617.2795152927075 520.8617858895007 447.7722635447622 0 290.4496514027862 481.6803919613087 492.5708070927468 492.9665303040359 664.8496070541066 663.6279077917083 619.8064213930023 189.16923639957952 572.0734218612153 
348.20827101032506 548.8624600025037 529.0340253707695 377.1538147758816 697.2660898107695 440.8446438372593 77.78174593052023 491.0885867132324 709.9753516848314 673.7358532837628 450.71165948974516 290.4496514027862 0 364.59429507330475 335.5964838909967 310.9292524031793 637.2566202088449 795.2515325354614 803.801592434352 194.90510511528424 500.9241459542552 
36.138621999185304 492.74029670811376 332.2228167961978 233.00214591286493 651.2180894293401 97.06183596038146 332.7296199619144 569.9201698483745 456.82600626496736 501.7977680301099 185.5693940282179 481.6803919613087 364.59429507330475 0 65.06919393998976 108.40664186294121 289.2766841624122 570.9168065489051 645.786342376486 295.10845463998487 142.50614021858848 
88.56635930193812 542.0747180970535 393.14373961694974 281.7800560721074 702.4991103197214 160.58953888718904 317.0567772497538 602.6881448975083 521.8620507375489 563.2983223834418 248.80916381837707 492.5708070927468 335.5964838909967 65.06919393998976 0 44.294469180700204 345.77593901253454 635.6099432828281 707.5040635925704 303.40237309553135 197.40820651634522 
127.00393694685216 569.3267954347485 430.4648650006177 310.8472293587318 730.7318249535872 204.70710783946902 301.95529470436514 617.4504028664975 564.3350068886388 600.7703388150917 288.9221348391293 492.9665303040359 310.9292524031793 108.40664186294121 44.294469180700204 0 389.2826736447437 677.0716357963904 745.0154360816962 305.09834480049216 240.97302753627844 
293.6818005937719 506.9694270860916 290.69055712217414 336.01934468122516 628.143295753445 198.25236442474022 588.715551009144 662.7216610312356 274.2425933366296 401.1383801133968 217.0829334609241 664.8496070541066 637.2566202088449 289.2766841624122 345.77593901253454 389.2826736447437 0 392.4499968148809 521.0614167255143 510.3920062069938 148.36778626103444 
550.5379187667277 342.1300922163965 267.5556016980396 419.99047608249407 357.6940033045005 482.78048842098 722.3330256882901 535.9934701094782 121.07848694132248 145.49570440394453 388.9498682349693 663.6279077917083 795.2515325354614 570.9168065489051 635.6099432828281 677.0716357963904 392.4499968148809 0 155.23530526268823 607.049421381818 481.72398736205776 
619.097730572484 277.9946042641835 314.5600101729398 451.1075259846592 229.2705825002414 569.5586010236348 726.9092102869519 452.9293543147761 250.4595775769016 144.25324953012324 460.7168327725828 619.8064213930023 803.801592434352 645.786342376486 707.5040635925704 745.0154360816962 521.0614167255143 155.23530526268823 0 609.0525428893635 583.6060314972764 
263.8275952208184 356.58659537341 345.14489710844634 199.64217991196148 509.878416879946 333.73642294481436 117.88977903109328 332.41540277189324 530.5289813007391 480.78685506157507 299.47453981933086 189.16923639957952 194.90510511528424 295.10845463998487 303.40237309553135 305.09834480049216 510.3920062069938 607.049421381818 609.0525428893635 0 398.7342473377475 
152.74161188098023 493.5838327984416 292.1095684841563 263.2299375071156 638.6305661335041 65 460.17931287705665 614.3525046746371 361.32257056541596 445.87554317320433 155.58920271021378 572.0734218612153 500.9241459542552 142.50614021858848 197.40820651634522 240.97302753627844 148.36778626103444 481.72398736205776 583.6060314972764 398.7342473377475 0 

Coordinates
x y
362 691
398 234
505 422
370 493
445 79
457 681
74 576
211 179
690 399
591 275
465 566
75 346
19 631
371 726
324 771
285 792
655 671
736 287
663 150
171 509
513 714
