Name
CVRP-5-20-4

nodeCount
21

vehicleCount
5

vehicleCapacity
2000

demands
0 350 400 200 200 300 450 50 400 200 100 300 450 350 450 150 450 500 100 150 450 

c
0 305.27692346458156 273.64941074301623 386.3741709793759 518.0974811751163 647.6519126814959 260.16341018675166 239.30106560565082 366.7764987018661 249.06424873915566 383.3131878764413 478.35133531746305 43.278170016764804 466.0171670657638 212.3605424743495 276.55198426335687 381.812781347089 397.4720115932693 538.6965750772878 266.8126683649035 191.67159413955946 
305.27692346458156 0 185.21878954360974 397.91582024342785 599.0133554437664 629.832517420306 61.09828148156051 521.9703056688187 137.90213921473443 554.1705513648303 662.2877018335763 522.9397670860383 264.78104161740885 253.00197627686626 140.9432509913121 362.22782885913114 530.9284320885444 663.4289713300136 348.5799764759875 425.2540417209459 495.3624935337757 
273.64941074301623 185.21878954360974 0 213.12203077110541 414.03019213579097 456.1633479358025 131.70041761513136 512.7231221624396 126.57408897558773 491.78145552674107 545.6198310178984 337.92306816788937 252.00198411917316 196.95684806576287 81.46778504415104 188.31091311976584 358.33643409511126 535.4512115963507 265.06225683789836 494.8989795907848 429.19692449969864 
386.3741709793759 397.91582024342785 213.12203077110541 0 205.99514557387025 263.4236132164313 344.4444802867365 597.2352970145016 305.9411708155671 520.4959173711163 489.1237062339138 125.14391715141412 387.49451609022805 294.8236761184556 280.1892217769984 118.33004690272035 208.58571379651102 461.00433837438015 293.21152774063984 647.715987142513 464.24670165764235 
518.0974811751163 599.0133554437664 414.03019213579097 205.99514557387025 0 211.11608181282637 542.6232578870905 681.1549016193013 511.8925668536319 565.574044666125 456.01754352217637 88.11923740024082 533.5260068637704 490.20913904169515 471.3385195377098 255.5621255194126 161.22654868228122 413.3194890154588 465.8164874711929 784.1594225666105 523.8673496220202 
647.6519126814959 629.832517420306 456.1633479358025 263.4236132164313 211.11608181282637 0 585.1444266161988 845.9846334301824 509.38394163931 748.7295907068185 662.1434889810516 184.23083346714796 650.6919393998976 441.16323509558225 532.7382096302085 372.2069316925734 356.63426644112593 621.4088831035489 378.3186487605389 910.823802938856 699.4433501006354 
260.16341018675166 61.09828148156051 131.70041761513136 344.4444802867365 542.6232578870905 585.1444266161988 0 487.64331226830126 127.12985487288185 506.7800311772357 605.4485940193437 468.81232918941026 222.69710370815332 243.8462630429263 79.84985911070852 302.16551755618974 470.28714632658205 605.0297513345935 335.19695702676063 415.80043290020757 446.5254751971045 
239.30106560565082 521.9703056688187 512.7231221624396 597.2352970145016 681.1549016193013 845.9846334301824 487.64331226830126 0 602.8349691250501 152.190669884852 357.41852218372793 664.9007444724363 267.8245694479877 705.0453886098397 450.15997156566465 479.4204835006531 523.2609291739639 396.55642725846724 777.6252310721405 218.56349191939628 163.36768346279504 
366.7764987018661 137.90213921473443 126.57408897558773 305.9411708155671 511.8925668536319 509.38394163931 127.12985487288185 602.8349691250501 0 602.7569991298318 670.6131522718593 428.4168530765334 335.0104475982801 117.64777940955791 155.00322577288512 310.35785796399614 478.0669409193654 661.6381186116773 211.69081227110448 542.8959384633486 540.5598949237725 
249.06424873915566 554.1705513648303 491.78145552674107 520.4959173711163 565.574044666125 748.7295907068185 506.7800311772357 152.190669884852 602.7569991298318 0 205.35335400231475 564.5325499915838 290.8539152220578 688.5905895377891 448.8674637351208 403.9430652950982 404.38595425657405 244.64055264816582 746.6759672039807 355.5334020876238 62.5859409132754 
383.3131878764413 662.2877018335763 545.6198310178984 489.1237062339138 456.01754352217637 662.1434889810516 605.4485940193437 357.41852218372793 670.6131522718593 205.35335400231475 0 485.69640723398396 425.62189793289537 729.2359014749617 532.0150373814635 393.7308725512898 307.5873859572268 48.91829923454004 763.9849474956951 555.3251299914313 219.06391761310215 
478.35133531746305 522.9397670860383 337.92306816788937 125.14391715141412 88.11923740024082 184.23083346714796 468.81232918941026 664.9007444724363 428.4168530765334 564.5325499915838 485.69640723398396 0 487.44333003950317 402.32325311868317 401.8818234257429 203.08865059377396 178.13758727455584 448.0401767698964 378.6000528261981 744.7932599050558 515.8236132632937 
43.278170016764804 264.78104161740885 252.00198411917316 387.49451609022805 533.5260068637704 650.6919393998976 222.69710370815332 267.8245694479877 335.0104475982801 290.8539152220578 425.62189793289537 487.44333003950317 0 438.95899580712546 183.22117781522965 284.35541141325234 405.0530829409893 438.46208501990225 516.0087208565375 260.23066690918654 234.43762496664223 
466.0171670657638 253.00197627686626 196.95684806576287 294.8236761184556 490.20913904169515 441.16323509558225 243.8462630429263 705.0453886098397 117.64777940955791 688.5905895377891 729.2359014749617 402.32325311868317 438.95899580712546 0 255.78311124857325 342.4047312757229 494.63622997107683 713.1703863734108 96.17692030835673 658.7085850359019 626.0175716383686 
212.3605424743495 140.9432509913121 81.46778504415104 280.1892217769984 471.3385195377098 532.7382096302085 79.84985911070852 450.15997156566465 155.00322577288512 448.8674637351208 532.0150373814635 401.8818234257429 183.22117781522965 255.78311124857325 0 224.89108474992955 391.47158262126766 529.1663254592075 335.47727195743084 415.5021058911735 387.0051679241506 
276.55198426335687 362.22782885913114 188.31091311976584 118.33004690272035 255.5621255194126 372.2069316925734 302.16551755618974 479.4204835006531 310.35785796399614 403.9430652950982 393.7308725512898 203.08865059377396 284.35541141325234 342.4047312757229 224.89108474992955 0 170.29973576021777 373.02144710458674 370.2769233965303 542.2416435501796 346.6597755725345 
381.812781347089 530.9284320885444 358.33643409511126 208.58571379651102 161.22654868228122 356.63426644112593 470.28714632658205 523.2609291739639 478.0669409193654 404.38595425657405 307.5873859572268 178.13758727455584 405.0530829409893 494.63622997107683 391.47158262126766 170.29973576021777 0 270.31278179176064 501.63831592094317 642.1993459977984 363.90245945857527 
397.4720115932693 663.4289713300136 535.4512115963507 461.00433837438015 413.3194890154588 621.4088831035489 605.0297513345935 396.55642725846724 661.6381186116773 244.64055264816582 48.91829923454004 448.0401767698964 438.46208501990225 713.1703863734108 529.1663254592075 373.02144710458674 270.31278179176064 0 742.3651392677326 587.2759147113051 249.09837414162303 
538.6965750772878 348.5799764759875 265.06225683789836 293.21152774063984 465.8164874711929 378.3186487605389 335.19695702676063 777.6252310721405 211.69081227110448 746.6759672039807 763.9849474956951 378.6000528261981 516.0087208565375 96.17692030835673 335.47727195743084 370.2769233965303 501.63831592094317 742.3651392677326 0 746.6813242608924 684.6342089028271 
266.8126683649035 425.2540417209459 494.8989795907848 647.715987142513 784.1594225666105 910.823802938856 415.80043290020757 218.56349191939628 542.8959384633486 355.5334020876238 555.3251299914313 744.7932599050558 260.23066690918654 658.7085850359019 415.5021058911735 542.2416435501796 642.1993459977984 587.2759147113051 746.6813242608924 0 338.178946713127 
191.67159413955946 495.3624935337757 429.19692449969864 464.24670165764235 523.8673496220202 699.4433501006354 446.5254751971045 163.36768346279504 540.5598949237725 62.5859409132754 219.06391761310215 515.8236132632937 234.43762496664223 626.0175716383686 387.0051679241506 346.6597755725345 363.90245945857527 249.09837414162303 684.6342089028271 338.178946713127 0 

Coordinates
x y
450 254
605 517
420 526
209 556
6 521
13 732
548 495
462 15
509 616
313 46
110 77
84 562
483 282
454 720
474 465
250 445
91 384
78 114
387 789
665 96
327 107
