Name
CVRP-5-12-3

nodeCount
13

vehicleCount
5

vehicleCapacity
2000

demands
0 450 150 350 350 450 250 350 100 350 400 200 350 

c
0 237,49736840647307 232,47580519271247 702,6329055773007 419,63079010005924 190,5465822312224 672,1800354071817 223,86156436512275 638,6000313185085 320,1452795216572 541,3880308983566 490,80851663352377 515,3406640272044 
237,49736840647307 0 380,1394480976685 671,2614989704088 596,8458762528229 220,10224896624752 543,566923202654 380,3117142555564 617,456881085635 274,46675572826666 596,6724394506588 444,8932456219132 322,21886971436044 
232,47580519271247 380,1394480976685 0 530,2320246835342 217,4235497824465 173,80736463107655 590,2855241321779 14,866068747318506 463,9234850705448 251,92459189209774 325,28141662259156 358,55822400274127 531,1280448253509 
702,6329055773007 671,2614989704088 530,2320246835342 0 581,0550748423078 517,7074463439752 292,5491411711885 545,0770587724271 66,30987860040162 404,5985664828782 258,02713035648014 226,68480319597958 503,29414858509926 
419,63079010005924 596,8458762528229 217,4235497824465 581,0550748423078 0 389,3507416199435 729,0459519124978 216,53637107885595 520,311445194126 440,732345080322 325,4796460610095 483,55868309854594 726,0426984688986 
190,5465822312224 220,10224896624752 173,80736463107655 517,7074463439752 389,3507416199435 0 487,9036790187178 178,64489917151286 455,3965305094012 130,77079184588584 389,95512562344913 301,0398644698074 372,2633476451852 
672,1800354071817 543,566923202654 590,2855241321779 292,5491411711885 729,0459519124978 487,9036790187178 0 603,619085185351 295,7431317883815 358,6153928653928 463,3756575393231 245,48930730278255 267,67517628648346 
223,86156436512275 380,3117142555564 14,866068747318506 545,0770587724271 216,53637107885595 178,64489917151286 603,619085185351 0 478,76925548744254 262,7717640843475 338,82886535831034 372,83910739084223 540,0981392302699 
638,6000313185085 617,456881085635 463,9234850705448 66,30987860040162 520,311445194126 455,3965305094012 295,7431317883815 478,76925548744254 0 346,78091066262573 202,03217565526538 173,72679701186 475,17786143716756 
320,1452795216572 274,46675572826666 251,92459189209774 404,5985664828782 440,732345080322 130,77079184588584 358,6153928653928 262,7717640843475 346,78091066262573 0 333,0135132393279 179,62739212046696 285,3506614676055 
541,3880308983566 596,6724394506588 325,28141662259156 258,02713035648014 325,4796460610095 389,95512562344913 463,3756575393231 338,82886535831034 202,03217565526538 333,0135132393279 0 243,18717071424635 564,142712440744 
490,80851663352377 444,8932456219132 358,55822400274127 226,68480319597958 483,55868309854594 301,0398644698074 245,48930730278255 372,83910739084223 173,72679701186 179,62739212046696 243,18717071424635 0 326,71853329739344 
515,3406640272044 322,21886971436044 531,1280448253509 503,29414858509926 726,0426984688986 372,2633476451852 267,67517628648346 540,0981392302699 475,17786143716756 285,3506614676055 564,142712440744 326,71853329739344 0 

Coordinates
x y
287 705
150 511
509 636
714 147
706 728
369 533
438 50
504 650
688 208
404 407
737 404
529 278
213 195
