Name
CVRP-5-12-0

nodeCount
13

vehicleCount
5

vehicleCapacity
2000

demands
0 500 450 300 200 150 400 500 100 150 350 50 400 

c
0 457,21985958617324 39,20459156782532 68,01470429252781 616,3537945044226 828,987334040756 184,69975636150687 473,00422831091055 719,4622992207444 510,4057209710722 462,0497808678195 540,7929363444016 543,5338075961789 
457,21985958617324 0 492,93102965830826 392,8256610762591 175,13994404475525 427,56286087545067 334,52653108535355 458,4157501657202 460,4432646917533 233,62362894193728 369,6701232179847 460,01413021775755 86,81589716175259 
39,20459156782532 492,93102965830826 0 100,40418317978589 653,8570180092893 857,1026776296992 222,9910312097776 478,43285840335005 737,5533878981236 535,1233502660858 475,1305083869063 549,3068359305207 579,4911561016268 
68,01470429252781 392,8256610762591 100,40418317978589 0 555,5987760965642 761,0374498012565 157,54364474646383 424,60923211819124 656,4998095963166 443,5538298786293 404,623281584241 488,00102458908833 479,4882688867372 
616,3537945044226 175,13994404475525 653,8570180092893 555,5987760965642 0 402,41272345690066 468,0277769534625 612,4255056739554 535,0233639758175 354,79853438254224 518,9470107824112 599,5906937236434 100,2845950283492 
828,987334040756 427,56286087545067 857,1026776296992 761,0374498012565 402,41272345690066 0 749,9879999039985 551,1959724090879 274,7544358149655 329,70592957967864 471,42549782547826 489,3965672131344 374,626480644388 
184,69975636150687 334,52653108535355 222,9910312097776 157,54364474646383 468,0277769534625 749,9879999039985 0 531,2522941126937 703,1045441468857 467,60667232194197 486,77304773374624 580,8760625124778 413,7305886685199 
473,00422831091055 458,4157501657202 478,43285840335005 424,60923211819124 612,4255056739554 551,1959724090879 531,2522941126937 0 322,18783341398847 271,67075661542964 95,12623192369179 80,44874144447506 512,6246189952254 
719,4622992207444 460,4432646917533 737,5533878981236 656,4998095963166 535,0233639758175 274,7544358149655 703,1045441468857 322,18783341398847 0 240,67405344157896 272,48486196484384 246,0101623917191 458,7428473556836 
510,4057209710722 233,62362894193728 535,1233502660858 443,5538298786293 354,79853438254224 329,70592957967864 467,60667232194197 271,67075661542964 240,67405344157896 0 176,91806012954132 246,05893602956183 259,71715384240605 
462,0497808678195 369,6701232179847 475,1305083869063 404,623281584241 518,9470107824112 471,42549782547826 486,77304773374624 95,12623192369179 272,48486196484384 176,91806012954132 0 98,00510190801293 419,57240138026236 
540,7929363444016 460,01413021775755 549,3068359305207 488,00102458908833 599,5906937236434 489,3965672131344 580,8760625124778 80,44874144447506 246,0101623917191 246,05893602956183 98,00510190801293 0 502,2270402915399 
543,5338075961789 86,81589716175259 579,4911561016268 479,4882688867372 100,2845950283492 374,626480644388 413,7305886685199 512,6246189952254 458,7428473556836 259,71715384240605 419,57240138026236 502,2270402915399 0 

Coordinates
x y
619 50
228 287
658 46
574 101
53 294
97 694
436 25
621 523
370 725
352 485
528 503
575 589
149 323
