Name
CVRP-5-20-0

nodeCount
21

vehicleCount
5

vehicleCapacity
1245

demands
0 500 450 300 200 150 400 500 100 150 350 50 400 100 450 150 300 250 300 250 250 

c
0 570,2359160908755 48,25971404805462 84,29116205154607 770,5063270343729 1035,9193984089688 231,22499864850255 590,0076270693456 898,8843084624406 636,9756667251897 577,1698190307598 675,24365972588 679,7242087788252 760,0085525834561 177,91290003819284 780,2083055184686 300,4663042672173 704,3138504956437 1207,4439945604101 765,9569178485172 362,49137920783716 
570,2359160908755 0 614,2442510923485 490,35497346310257 220,18401395196702 535,7200761591822 417,1450587026053 572,8053770697338 575,5692834055689 292,4534150937547 462,6726704701716 574,7808277943864 110,07270324653611 190,85072700935672 416,473288459176 530,6166224309223 602,2399853878851 669,6454285664914 696,9763267141861 740,1222871931368 314,8412298286233 
48,25971404805462 614,2442510923485 0 124,25779653607253 816,7110872273009 1070,5606008068858 278,31277369175854 596,6992542311411 921,2513229298506 667,431644440088 593,2638536098419 685,7791189588671 724,0248614515941 803,3181188047485 226,1725005388586 799,4960912975122 290,5942188000305 708,0176551471016 1242,1529696458483 766,9921772743188 391,934943581202 
84,29116205154607 490,35497346310257 124,25779653607253 0 695,1150983829945 951,7247501247406 197,3676771915807 530,292372187268 820,9360511026422 554,1922049253309 506,21932005801597 610,0008196715804 600,2566117919902 679,1347436260348 129,0968628588627 705,1595564125895 274,0894014733149 647,6117664156512 1123,2310537017752 712,4977192945954 280,9786468755233 
770,5063270343729 220,18401395196702 816,7110872273009 695,1150983829945 0 504,12002539077935 585,0957186649035 766,3661005028863 668,8325649966515 444,6864063584584 650,1299870025994 750,0466652149051 125,57467897629681 129,5414991421668 603,1227072495282 664,8044825360311 822,4110894193974 850,4128409190445 633,4800707204607 916,9918211194689 534,1834890746811 
1035,9193984089688 535,7200761591822 1070,5606008068858 951,7247501247406 504,12002539077935 0 937,8155468960834 689,3837828089663 342,11693907200794 412,8014050363685 589,6117366538763 611,4188417116371 468,3929973857423 392,2499203314132 919,2355519669591 440,44749970910266 929,7768549496163 702,4450156417938 171,5925406304132 740,3087193867163 682,3877197019301 
231,22499864850255 417,1450587026053 278,31277369175854 197,3676771915807 585,0957186649035 937,8155468960834 0 663,8584186406014 878,9277558479992 584,3295303165843 609,1469445051825 726,1549421438926 517,6968224743126 604,4054930259982 72,13875518748573 782,1253096531271 462,3299687452675 783,7148716210507 1105,1307614938605 853,6421967077307 354,29507476113747 
590,0076270693456 572,8053770697338 596,6992542311411 530,292372187268 766,3661005028863 689,3837828089663 663,8584186406014 0 404,02227661355505 339,27127788835884 118,45674315968678 101,25709851659784 641,312716231325 664,9887217088723 599,65323312728 270,4144966528237 331,15706243412654 119,87076374162301 841,0196192717505 190,51771571168914 324,5196450139806 
898,8843084624406 575,5692834055689 921,2513229298506 820,9360511026422 668,8325649966515 342,11693907200794 878,9277558479992 404,02227661355505 0 300,7341018241862 341,07183993991646 308,1379561170613 572,8699677937394 539,6072645915731 835,9724875855665 134,3800580443393 707,6022894253523 381,6084380618437 461,2678180840281 407,3389252207552 542,8342288397075 
636,9756667251897 292,4534150937547 667,431644440088 554,1922049253309 444,6864063584584 412,8014050363685 584,3295303165843 339,27127788835884 300,7341018241862 0 221,19900542271884 306,8941185490527 325,3136947624554 331,54939300200806 547,6869543817892 238,27085428142487 519,6479577560177 408,6269692519083 582,6019224135808 473,2060861823313 275,5104353740526 
577,1698190307598 462,6726704701716 593,2638536098419 506,21932005801597 650,1299870025994 589,6117366538763 609,1469445051825 118,45674315968678 341,07183993991646 221,19900542271884 0 121,70866854912184 525,594901040716 546,8400131665568 551,7245689653489 210,38060747131613 366,705603993176 207,6174366473105 748,3060871060718 279,32955446926843 255,3918557824427 
675,24365972588 574,7808277943864 685,7791189588671 610,0008196715804 750,0466652149051 611,4188417116371 726,1549421438926 101,25709851659784 308,1379561170613 306,8941185490527 121,70866854912184 0 627,943468793171 638,3486508170907 666,2649623085398 177,56407294269863 429,6347285776605 102,48902380255166 755,8604368532593 167,05687654209268 374,4142091320787 
679,7242087788252 110,07270324653611 724,0248614515941 600,2566117919902 125,57467897629681 468,3929973857423 517,6968224743126 641,312716231325 572,8699677937394 325,3136947624554 525,594901040716 627,943468793171 0 87,65842800324451 522,7332015474051 553,5431329173906 704,82125393606 727,4647757795562 619,5256249744639 795 414,6383966783588 
760,0085525834561 190,85072700935672 803,3181188047485 679,1347436260348 129,5414991421668 392,2499203314132 604,4054930259982 664,9887217088723 539,6072645915731 331,54939300200806 546,8400131665568 638,3486508170907 87,65842800324451 0 607,0798958950955 540,8308423157836 764,0215965533959 740,1763303429798 536,9916200463467 804,1946281839987 473,6253793875493 
177,91290003819284 416,473288459176 226,1725005388586 129,0968628588627 603,1227072495282 919,2355519669591 72,13875518748573 599,65323312728 835,9724875855665 547,6869543817892 551,7245689653489 666,2649623085398 522,7332015474051 607,0798958950955 0 732,9856751669844 390,23198228745935 719,461604256961 1088,7873988984259 788,5080849300151 300,01499962501873 
780,2083055184686 530,6166224309223 799,4960912975122 705,1595564125895 664,8044825360311 440,44749970910266 782,1253096531271 270,4144966528237 134,3800580443393 238,27085428142487 210,38060747131613 177,56407294269863 553,5431329173906 540,8308423157836 732,9856751669844 0 575,3477209479498 262,24606765402604 579,3323743758845 302,2002647252315 433,94124026185847 
300,4663042672173 602,2399853878851 290,5942188000305 274,0894014733149 822,4110894193974 929,7768549496163 462,3299687452675 331,15706243412654 707,6022894253523 519,6479577560177 366,705603993176 429,6347285776605 704,82125393606 764,0215965533959 390,23198228745935 575,3477209479498 0 430,88977708922266 1096,6006565746711 483,7540697503226 290,76450952617995 
704,3138504956437 669,6454285664914 708,0176551471016 647,6117664156512 850,4128409190445 702,4450156417938 783,7148716210507 119,87076374162301 381,6084380618437 408,6269692519083 207,6174366473105 102,48902380255166 727,4647757795562 740,1763303429798 719,461604256961 262,24606765402604 430,88977708922266 0 839,6862509294766 72,80109889280519 441,9434352946087 
1207,4439945604101 696,9763267141861 1242,1529696458483 1123,2310537017752 633,4800707204607 171,5925406304132 1105,1307614938605 841,0196192717505 461,2678180840281 582,6019224135808 748,3060871060718 755,8604368532593 619,5256249744639 536,9916200463467 1088,7873988984259 579,3323743758845 1096,6006565746711 839,6862509294766 0 868,6063550308621 853,6913962316828 
765,9569178485172 740,1222871931368 766,9921772743188 712,4977192945954 916,9918211194689 740,3087193867163 853,6421967077307 190,51771571168914 407,3389252207552 473,2060861823313 279,32955446926843 167,05687654209268 795 804,1946281839987 788,5080849300151 302,2002647252315 483,7540697503226 72,80109889280519 868,6063550308621 0 514,1692328407058 
362,49137920783716 314,8412298286233 391,934943581202 280,9786468755233 534,1834890746811 682,3877197019301 354,29507476113747 324,5196450139806 542,8342288397075 275,5104353740526 255,3918557824427 374,4142091320787 414,6383966783588 473,6253793875493 300,01499962501873 433,94124026185847 290,76450952617995 441,9434352946087 853,6913962316828 514,1692328407058 0 

Coordinates
x y
774 63
286 358
822 58
718 126
66 367
122 868
545 31
777 653
462 906
441 606
661 629
719 736
186 404
136 476
597 81
559 813
888 341
817 766
10 998
861 824
600 381
