Name
CVRP-5-12-4

nodeCount
13

vehicleCount
5

vehicleCapacity
2000

demands
0 100 50 50 300 150 400 200 100 500 150 100 400 

c
0 301,16606714568627 66,2872536767062 305,9542449452205 370,94608772704424 802,5291271972626 141,718029904455 296,54679226051326 154,37940277122465 624,0873336320807 603,9486733158705 451,9756630616299 832,1015563018735 
301,16606714568627 0 237,11811402758752 307,2995281480269 403,8341243629617 576,7581815631227 356,1305940241585 215,4738963308549 149,96666296213968 455,3372376601764 490,3152047407871 381,10497241573745 633,1903347335617 
66,2872536767062 237,11811402758752 0 265,80067720004024 342,4456161202827 740,8029427587339 153,9415473483361 240,75298544358697 95,75489543621255 567,8071855832752 555,2548964214543 406,3889762284405 773,6827515202856 
305,9542449452205 307,2995281480269 265,80067720004024 0 96,77293009927931 548,1760666063414 217,4488445588985 97,59098319004681 289,06227702694105 344,3617284194049 302,6450065671 148,51935900750448 555,932549865539 
370,94608772704424 403,8341243629617 342,4456161202827 96,77293009927931 0 566,5933285876212 254,33245958783948 191,09421759959145 379,35207920874774 352,6726527532295 281,7534383108749 142,1442928857856 557,2970482606202 
802,5291271972626 576,7581815631227 740,8029427587339 548,1760666063414 566,5933285876212 0 758,7522652354983 511,17218234172327 695,2697318307478 215,18828964420902 313,3448579440869 424,4490546579177 98,67117106835208 
141,718029904455 356,1305940241585 153,9415473483361 217,4488445588985 254,33245958783948 758,7522652354983 0 253,39297543538967 241,17421089328766 560,5327822705823 517,9285665031424 364,04670030093666 772,2726202578983 
296,54679226051326 215,4738963308549 240,75298544358697 97,59098319004681 191,09421759959145 511,17218234172327 253,39297543538967 0 231,16444363266598 327,6659884699662 318,9012386303948 180,42727066604982 535,8180661381249 
154,37940277122465 149,96666296213968 95,75489543621255 289,06227702694105 379,35207920874774 695,2697318307478 241,17421089328766 231,16444363266598 0 541,9464918236855 548,4933910267288 410,7274035172233 738,8748202503588 
624,0873336320807 455,3372376601764 567,8071855832752 344,3617284194049 352,6726527532295 215,18828964420902 560,5327822705823 327,6659884699662 541,9464918236855 0 112,05802068571441 210,85777196963835 211,74040710265956 
603,9486733158705 490,3152047407871 555,2548964214543 302,6450065671 281,7534383108749 313,3448579440869 517,9285665031424 318,9012386303948 548,4933910267288 112,05802068571441 0 154,20765220960988 282,14358046923553 
451,9756630616299 381,10497241573745 406,3889762284405 148,51935900750448 142,1442928857856 424,4490546579177 364,04670030093666 180,42727066604982 410,7274035172233 210,85777196963835 154,20765220960988 0 418,07296013973445 
832,1015563018735 633,1903347335617 773,6827515202856 555,932549865539 557,2970482606202 98,67117106835208 772,2726202578983 535,8180661381249 738,8748202503588 211,74040710265956 282,14358046923553 418,07296013973445 0 

Coordinates
x y
76 649
377 659
141 636
234 387
196 298
758 226
54 509
302 457
228 676
543 235
449 174
337 280
728 132
