Name
CVRP-5-10-0

nodeCount
11

vehicleCount
5

vehicleCapacity
1000

demands
0 500 450 300 200 150 400 500 100 150 350 

c
0 570,2359160908755 48,25971404805462 84,29116205154607 770,5063270343729 1035,9193984089688 231,22499864850255 590,0076270693456 898,8843084624406 636,9756667251897 577,1698190307598 
570,2359160908755 0 614,2442510923485 490,35497346310257 220,18401395196702 535,7200761591822 417,1450587026053 572,8053770697338 575,5692834055689 292,4534150937547 462,6726704701716 
48,25971404805462 614,2442510923485 0 124,25779653607253 816,7110872273009 1070,5606008068858 278,31277369175854 596,6992542311411 921,2513229298506 667,431644440088 593,2638536098419 
84,29116205154607 490,35497346310257 124,25779653607253 0 695,1150983829945 951,7247501247406 197,3676771915807 530,292372187268 820,9360511026422 554,1922049253309 506,21932005801597 
770,5063270343729 220,18401395196702 816,7110872273009 695,1150983829945 0 504,12002539077935 585,0957186649035 766,3661005028863 668,8325649966515 444,6864063584584 650,1299870025994 
1035,9193984089688 535,7200761591822 1070,5606008068858 951,7247501247406 504,12002539077935 0 937,8155468960834 689,3837828089663 342,11693907200794 412,8014050363685 589,6117366538763 
231,22499864850255 417,1450587026053 278,31277369175854 197,3676771915807 585,0957186649035 937,8155468960834 0 663,8584186406014 878,9277558479992 584,3295303165843 609,1469445051825 
590,0076270693456 572,8053770697338 596,6992542311411 530,292372187268 766,3661005028863 689,3837828089663 663,8584186406014 0 404,02227661355505 339,27127788835884 118,45674315968678 
898,8843084624406 575,5692834055689 921,2513229298506 820,9360511026422 668,8325649966515 342,11693907200794 878,9277558479992 404,02227661355505 0 300,7341018241862 341,07183993991646 
636,9756667251897 292,4534150937547 667,431644440088 554,1922049253309 444,6864063584584 412,8014050363685 584,3295303165843 339,27127788835884 300,7341018241862 0 221,19900542271884 
577,1698190307598 462,6726704701716 593,2638536098419 506,21932005801597 650,1299870025994 589,6117366538763 609,1469445051825 118,45674315968678 341,07183993991646 221,19900542271884 0 

Coordinates
x y
774 63
286 358
822 58
718 126
66 367
122 868
545 31
777 653
462 906
441 606
661 629
