Name
CVRP-5-12-2

nodeCount
13

vehicleCount
5

vehicleCapacity
2000

demands
0 450 400 150 250 200 400 250 400 500 500 500 450 

c
0 695,0460416404081 387,1911672546263 580,7865356566042 443,71725231277634 117,27318534089538 477,20016764456403 623,6826115902222 110,8873302050329 196,7587355112855 172,9392957080605 619,4941484792249 310,38202267528317 
695,0460416404081 0 312,61797773000836 617,8672996687881 540,3128723249151 606,0115510450275 294,0017006753532 146,70037491431302 590,1770920664407 501,72203459684727 600,3040896079253 581,0421671445197 975,1410154434076 
387,1911672546263 312,61797773000836 0 532,6631205555722 399,7199019313399 312,47399891831 136,61991070118586 240,6013300046365 279,3581930067561 191,01047091717248 290,5804535752534 529,2258497087987 681,7990906418107 
580,7865356566042 617,8672996687881 532,6631205555722 0 147,24808997063425 472,0699100768868 662,375271277544 676,7458902719691 561,4312068276931 532,6584271369411 654,3859717322797 65,19202405202648 669,5819591356983 
443,71725231277634 540,3128723249151 399,7199019313399 147,24808997063425 0 330,92597359530424 533,8773267333986 572,3853597009623 415,94350577933056 385,4516830940034 507,60319147932864 176,0454486773231 577,499783549743 
117,27318534089538 606,0115510450275 312,47399891831 472,0699100768868 330,92597359530424 0 425,0423508310672 553,0325487708658 105,09519494249011 143,75326083258076 205,4288197892399 506,951674225463 370,74249823833253 
477,20016764456403 294,0017006753532 136,61991070118586 662,375271277544 533,8773267333986 425,0423508310672 0 167,6305461424021 366,43143969916116 286,1503101518501 340,47613719613304 653,4531352744434 784,222544944992 
623,6826115902222 146,70037491431302 240,6013300046365 676,7458902719691 572,3853597009623 553,0325487708658 167,6305461424021 0 513,595171316865 427,11356803548165 502,2270402915399 651,8780560810434 922,2196050833012 
110,8873302050329 590,1770920664407 279,3581930067561 561,4312068276931 415,94350577933056 105,09519494249011 366,43143969916116 513,595171316865 0 88,50988645343524 100,4987562112089 589,8686294421835 419,119314754164 
196,7587355112855 501,72203459684727 191,01047091717248 532,6584271369411 385,4516830940034 143,75326083258076 286,1503101518501 427,11356803548165 88,50988645343524 0 132,85330255586422 552,2001448750262 498,703318617392 
172,9392957080605 600,3040896079253 290,5804535752534 654,3859717322797 507,60319147932864 205,4288197892399 340,47613719613304 502,2270402915399 100,4987562112089 132,85330255586422 0 678,7201190476086 476,56793849355836 
619,4941484792249 581,0421671445197 529,2258497087987 65,19202405202648 176,0454486773231 506,951674225463 653,4531352744434 651,8780560810434 589,8686294421835 552,2001448750262 678,7201190476086 0 727,5231955065076 
310,38202267528317 975,1410154434076 681,7990906418107 669,5819591356983 577,499783549743 370,74249823833253 784,222544944992 922,2196050833012 419,119314754164 498,703318617392 476,56793849355836 727,5231955065076 0 

Coordinates
x y
143 457
723 74
442 211
675 690
566 591
260 465
429 75
587 19
213 371
288 324
161 285
730 655
7 736
