Name
CVRP-5-15-0

nodeCount
16

vehicleCount
5

vehicleCapacity
945

demands
0 500 450 300 200 150 400 500 100 150 350 50 400 100 450 150 

c
0 570,2359160908755 48,25971404805462 84,29116205154607 770,5063270343729 1035,9193984089688 231,22499864850255 590,0076270693456 898,8843084624406 636,9756667251897 577,1698190307598 675,24365972588 679,7242087788252 760,0085525834561 177,91290003819284 780,2083055184686 
570,2359160908755 0 614,2442510923485 490,35497346310257 220,18401395196702 535,7200761591822 417,1450587026053 572,8053770697338 575,5692834055689 292,4534150937547 462,6726704701716 574,7808277943864 110,07270324653611 190,85072700935672 416,473288459176 530,6166224309223 
48,25971404805462 614,2442510923485 0 124,25779653607253 816,7110872273009 1070,5606008068858 278,31277369175854 596,6992542311411 921,2513229298506 667,431644440088 593,2638536098419 685,7791189588671 724,0248614515941 803,3181188047485 226,1725005388586 799,4960912975122 
84,29116205154607 490,35497346310257 124,25779653607253 0 695,1150983829945 951,7247501247406 197,3676771915807 530,292372187268 820,9360511026422 554,1922049253309 506,21932005801597 610,0008196715804 600,2566117919902 679,1347436260348 129,0968628588627 705,1595564125895 
770,5063270343729 220,18401395196702 816,7110872273009 695,1150983829945 0 504,12002539077935 585,0957186649035 766,3661005028863 668,8325649966515 444,6864063584584 650,1299870025994 750,0466652149051 125,57467897629681 129,5414991421668 603,1227072495282 664,8044825360311 
1035,9193984089688 535,7200761591822 1070,5606008068858 951,7247501247406 504,12002539077935 0 937,8155468960834 689,3837828089663 342,11693907200794 412,8014050363685 589,6117366538763 611,4188417116371 468,3929973857423 392,2499203314132 919,2355519669591 440,44749970910266 
231,22499864850255 417,1450587026053 278,31277369175854 197,3676771915807 585,0957186649035 937,8155468960834 0 663,8584186406014 878,9277558479992 584,3295303165843 609,1469445051825 726,1549421438926 517,6968224743126 604,4054930259982 72,13875518748573 782,1253096531271 
590,0076270693456 572,8053770697338 596,6992542311411 530,292372187268 766,3661005028863 689,3837828089663 663,8584186406014 0 404,02227661355505 339,27127788835884 118,45674315968678 101,25709851659784 641,312716231325 664,9887217088723 599,65323312728 270,4144966528237 
898,8843084624406 575,5692834055689 921,2513229298506 820,9360511026422 668,8325649966515 342,11693907200794 878,9277558479992 404,02227661355505 0 300,7341018241862 341,07183993991646 308,1379561170613 572,8699677937394 539,6072645915731 835,9724875855665 134,3800580443393 
636,9756667251897 292,4534150937547 667,431644440088 554,1922049253309 444,6864063584584 412,8014050363685 584,3295303165843 339,27127788835884 300,7341018241862 0 221,19900542271884 306,8941185490527 325,3136947624554 331,54939300200806 547,6869543817892 238,27085428142487 
577,1698190307598 462,6726704701716 593,2638536098419 506,21932005801597 650,1299870025994 589,6117366538763 609,1469445051825 118,45674315968678 341,07183993991646 221,19900542271884 0 121,70866854912184 525,594901040716 546,8400131665568 551,7245689653489 210,38060747131613 
675,24365972588 574,7808277943864 685,7791189588671 610,0008196715804 750,0466652149051 611,4188417116371 726,1549421438926 101,25709851659784 308,1379561170613 306,8941185490527 121,70866854912184 0 627,943468793171 638,3486508170907 666,2649623085398 177,56407294269863 
679,7242087788252 110,07270324653611 724,0248614515941 600,2566117919902 125,57467897629681 468,3929973857423 517,6968224743126 641,312716231325 572,8699677937394 325,3136947624554 525,594901040716 627,943468793171 0 87,65842800324451 522,7332015474051 553,5431329173906 
760,0085525834561 190,85072700935672 803,3181188047485 679,1347436260348 129,5414991421668 392,2499203314132 604,4054930259982 664,9887217088723 539,6072645915731 331,54939300200806 546,8400131665568 638,3486508170907 87,65842800324451 0 607,0798958950955 540,8308423157836 
177,91290003819284 416,473288459176 226,1725005388586 129,0968628588627 603,1227072495282 919,2355519669591 72,13875518748573 599,65323312728 835,9724875855665 547,6869543817892 551,7245689653489 666,2649623085398 522,7332015474051 607,0798958950955 0 732,9856751669844 
780,2083055184686 530,6166224309223 799,4960912975122 705,1595564125895 664,8044825360311 440,44749970910266 782,1253096531271 270,4144966528237 134,3800580443393 238,27085428142487 210,38060747131613 177,56407294269863 553,5431329173906 540,8308423157836 732,9856751669844 0 

Coordinates
x y
774 63
286 358
822 58
718 126
66 367
122 868
545 31
777 653
462 906
441 606
661 629
719 736
186 404
136 476
597 81
559 813
