Name
CVRP-5-20-3

nodeCount
21

vehicleCount
5

vehicleCapacity
2000

demands
0 500 400 100 500 150 350 500 50 50 450 200 300 500 150 100 250 450 300 250 450 

c
0 158,24032355881985 601,5022859474434 572 220,7306050369998 286,3930865087354 208,1465829649865 494,8130960271767 234,08759044426085 222,49719099350446 484,9267985995412 685,3334954604218 555,8929753108956 112,0714058089752 429,4007452252499 355,8258000763857 176,81911661356077 482,5453346577915 150,04665940966495 472,1493407810711 368,7166934110795 
158,24032355881985 0 606,1988122720136 645,2038437579243 371,9274122728789 378,85749299703707 366,23080154459973 633,6244944760264 139,04315876734103 361,69738732813653 626,6562055864443 819,0592164184468 561,5273813448459 170,1763790894612 468,77819915179504 425,0223523533792 258,11818998280614 638,7566046625271 306,3494736408078 594,4787632876383 525,9353572445953 
601,5022859474434 606,1988122720136 0 271,1401851441427 578,5058340241695 379,68407920269715 644,8953403460131 580,1456713619434 744,8946234199841 522,5361231532228 596,1518262993078 648,8397336785101 45,69463863518345 490,8574131048649 194,3707796969493 296,89223634174067 777,8444574592017 871,0596994465993 601,8812175172108 1012,8622808654688 694,7611100227185 
572 645,2038437579243 271,1401851441427 0 450,73495537843525 286,3930865087354 522,7513749384118 341,6313802916822 777,1209687043581 402,01616882906586 362,008287197959 379,00131925891765 262,25369396826426 484,2478704134898 200,60159520801423 220,95248357961492 728,8298841293488 680,2896441957646 504,72368678317446 879,311662608884 511,65613452786823 
220,7306050369998 371,9274122728789 578,5058340241695 450,73495537843525 0 198,84918908559823 72,09022125087424 280,5316381444346 451,9834067750718 55,97320787662612 267,9776110050987 473,2060861823313 537,3723104142974 232,606964642076 384,2460149435515 282,8745304901097 309,78218154051405 320,8613407688748 76,94153624668537 438,2659010235681 164,90603384958357 
286,3930865087354 378,85749299703707 379,68407920269715 286,3930865087354 198,84918908559823 0 266,50703555441083 300,6409819036653 501,71306540691165 142,89856542317 303,94242875913193 462,299686350748 338,9041162334857 209,46837470128995 185,39687160251654 85 443,7319010393551 501,99701194329833 230,88741845323665 635,2841883755647 327,9954267973869 
208,1465829649865 366,23080154459973 644,8953403460131 522,7513749384118 72,09022125087424 266,50703555441083 0 329,82571155081285 425,30224546785547 125,09996003196804 313,8295715830489 521,456613727355 602,8283337733886 254,09643838511394 451,27596878185307 351,3360214950924 255,53864678361276 285 65,03076195155643 368,7817782917155 161,9783936208777 
494,8130960271767 633,6244944760264 580,1456713619434 341,6313802916822 280,5316381444346 300,6409819036653 329,82571155081285 0 728,7585333977229 273,3587386567329 23,706539182259394 192,753728887407 553,7409141466793 470,95647357266466 415,2360774306587 332,9204109092742 584,9829057331505 361,56603822815 357,4716771997468 608,3954306205792 224,01785643113362 
234,08759044426085 139,04315876734103 744,8946234199841 777,1209687043581 451,9834067750718 501,71306540691165 425,30224546785547 728,7585333977229 0 456,5347741410286 718,4267533993984 919,4155752433172 700,3570517957252 293,7430850249925 606,0825026347486 556,1735340700778 227,1079038695043 667,1409146499711 377,18032822510776 561,0008912648892 586,4511914899654 
222,49719099350446 361,69738732813653 522,5361231532228 402,01616882906586 55,97320787662612 142,89856542317 125,09996003196804 273,3587386567329 456,5347741410286 0 265,1735280905694 462,91359884972053 481,4187366524074 206,65188119153427 328,2925524589311 227,11450856341168 340,073521462639 370,600863463646 105,17128885774862 493,3659899101275 205,35091916034852 
484,9267985995412 626,6562055864443 596,1518262993078 362,008287197959 267,9776110050987 303,94242875913193 313,8295715830489 23,706539182259394 718,4267533993984 265,1735280905694 0 207,63429389192913 568,592120944355 466,24671580612767 427,4353752323268 341,77477964296895 569,3443597683216 337,88163607985564 344,7259781333574 585,4989325353207 201,89601283829256 
685,3334954604218 819,0592164184468 648,8397336785101 379,00131925891765 473,2060861823313 462,299686350748 521,456613727355 192,753728887407 919,4155752433172 462,91359884972053 207,63429389192913 0 634,448579476698 652,4492317414437 524,6722786654542 468,30972656992725 776,9510924118712 495,3907548592323 550,1454353168806 767,6959033367314 398,81073205218536 
555,8929753108956 561,5273813448459 45,69463863518345 262,25369396826426 537,3723104142974 338,9041162334857 602,8283337733886 553,7409141466793 700,3570517957252 481,4187366524074 568,592120944355 634,448579476698 0 445,1797389819083 154,77725931156684 257,6606295109907 732,2963880834044 834,2643465952503 558,5203666832572 970,1762726432759 658,0463509510557 
112,0714058089752 170,1763790894612 490,8574131048649 484,2478704134898 232,606964642076 209,46837470128995 254,09643838511394 470,95647357266466 293,7430850249925 206,65188119153427 466,24671580612767 652,4492317414437 445,1797389819083 0 325,0369209797558 263,4919353604584 288,76461001999536 539,0454526289967 189,21416437465774 571,3186501419326 396,9886648255842 
429,4007452252499 468,77819915179504 194,3707796969493 200,60159520801423 384,2460149435515 185,39687160251654 451,27596878185307 415,2360774306587 606,0825026347486 328,2925524589311 427,4353752323268 524,6722786654542 154,77725931156684 325,0369209797558 0 102,90286682109493 601,9451802282331 679,8124741426859 410,8004381691918 819,7865575867904 503,7072562510888 
355,8258000763857 425,0223523533792 296,89223634174067 220,95248357961492 282,8745304901097 85 351,3360214950924 332,9204109092742 556,1735340700778 227,11450856341168 341,77477964296895 468,30972656992725 257,6606295109907 263,4919353604584 102,90286682109493 0 520,9692889221014 577,4790039473297 315,21738530734626 720,1090195241273 401,6017928246835 
176,81911661356077 258,11818998280614 777,8444574592017 728,8298841293488 309,78218154051405 443,7319010393551 255,53864678361276 584,9829057331505 227,1079038695043 340,073521462639 569,3443597683216 776,9510924118712 732,2963880834044 288,76461001999536 601,9451802282331 520,9692889221014 0 449,87220407577973 236,31546711969574 340,8518739863403 400,9401451588504 
482,5453346577915 638,7566046625271 871,0596994465993 680,2896441957646 320,8613407688748 501,99701194329833 285 361,56603822815 667,1409146499711 370,600863463646 337,88163607985564 495,3907548592323 834,2643465952503 539,0454526289967 679,8124741426859 577,4790039473297 449,87220407577973 0 350,0057142390678 283,59301824974466 176,30087918101827 
150,04665940966495 306,3494736408078 601,8812175172108 504,72368678317446 76,94153624668537 230,88741845323665 65,03076195155643 357,4716771997468 377,18032822510776 105,17128885774862 344,7259781333574 550,1454353168806 558,5203666832572 189,21416437465774 410,8004381691918 315,21738530734626 236,31546711969574 350,0057142390678 0 412,68510998096355 219,65882636488797 
472,1493407810711 594,4787632876383 1012,8622808654688 879,311662608884 438,2659010235681 635,2841883755647 368,7817782917155 608,3954306205792 561,0008912648892 493,3659899101275 585,4989325353207 767,6959033367314 970,1762726432759 571,3186501419326 819,7865575867904 720,1090195241273 340,8518739863403 283,59301824974466 412,68510998096355 0 385,84582413186746 
368,7166934110795 525,9353572445953 694,7611100227185 511,65613452786823 164,90603384958357 327,9954267973869 161,9783936208777 224,01785643113362 586,4511914899654 205,35091916034852 201,89601283829256 398,81073205218536 658,0463509510557 396,9886648255842 503,7072562510888 401,6017928246835 400,9401451588504 176,30087918101827 219,65882636488797 385,84582413186746 0 

Coordinates
x y
280 589
132 645
11 51
280 17
441 438
295 303
470 504
574 191
149 783
399 401
585 212
659 18
29 93
216 497
159 177
244 235
372 740
755 504
405 506
710 784
604 413
