Name
CVRP-5-12-1

nodeCount
13

vehicleCount
5

vehicleCapacity
2000

demands
0 250 50 450 200 400 500 450 200 50 200 500 250 

c
0 689,6549862068714 354,0127116361784 675,2962312940892 586,4401077689008 324,77838598034816 614,7861416785515 440,01022715386966 628,5809414864565 298,8594987615418 491,40614566771546 455,2735441468129 319,3195891266303 
689,6549862068714 0 481 362,72992708074145 407,9215610874228 543,5338075961789 435,5249705814811 347,00576364089403 407,1584458168589 395,2935617993291 211,54668515483763 339,3316961322653 478,43181332348706 
354,0127116361784 481 0 332,41540277189324 235,35717537394095 485,3555397850116 261,4670151281037 137,03284277865654 277,89386463180506 271,9007171744863 277,1299334247385 148,3138563991915 426,7083312990268 
675,2962312940892 362,72992708074145 332,41540277189324 0 106,53168542738823 703,0177807139731 105,32331175955302 241,0850472343733 71,84010022264724 478,1401468189008 298,3236497497307 226,37358503146962 632,1550442731593 
586,4401077689008 407,9215610874228 235,35717537394095 106,53168542738823 0 652,9479305427042 37,33630940518894 175,26266002774236 42,5440947723653 423,85020939006273 284,1126537132762 163,59095329510126 584,3295303165843 
324,77838598034816 543,5338075961789 485,3555397850116 703,0177807139731 652,9479305427042 0 689,5106960736722 477,7656329205775 686,9970887856804 229,17242417009948 419,71061459057717 489,47012166219093 71,56814934033156 
614,7861416785515 435,5249705814811 261,4670151281037 105,32331175955302 37,33630940518894 689,5106960736722 0 211,74749113035554 34,058772731852805 460,3531253288067 320,3404439030451 200,44949488586894 621,1191512101361 
440,01022715386966 347,00576364089403 137,03284277865654 241,0850472343733 175,26266002774236 477,7656329205775 211,74749113035554 0 211 248,62019226120793 154,31461369552787 15,264337522473747 409,49969474958095 
628,5809414864565 407,1584458168589 277,89386463180506 71,84010022264724 42,5440947723653 686,9970887856804 34,058772731852805 211 0 458,4157501657202 304,64733709651887 198,16155025635018 617,6026230514245 
298,8594987615418 395,2935617993291 271,9007171744863 478,1401468189008 423,85020939006273 229,17242417009948 460,3531253288067 248,62019226120793 458,4157501657202 0 216,31689716709604 260,5091169229975 161,96913286178943 
491,40614566771546 211,54668515483763 277,1299334247385 298,3236497497307 284,1126537132762 419,71061459057717 320,3404439030451 154,31461369552787 304,64733709651887 216,31689716709604 0 152,5319638633162 348,20827101032506 
455,2735441468129 339,3316961322653 148,3138563991915 226,37358503146962 163,59095329510126 489,47012166219093 200,44949488586894 15,264337522473747 198,16155025635018 260,5091169229975 152,5319638633162 0 420,7386362101774 
319,3195891266303 478,43181332348706 426,7083312990268 632,1550442731593 584,3295303165843 71,56814934033156 621,1191512101361 409,49969474958095 617,6026230514245 161,96913286178943 348,20827101032506 420,7386362101774 0 

Coordinates
x y
127 108
709 478
229 447
431 711
341 654
436 8
328 689
362 480
362 691
398 234
505 422
370 493
445 79
