Name
CVRP-5-20-2

nodeCount
21

vehicleCount
5

vehicleCapacity
2000

demands
0 450 250 300 350 450 300 500 350 150 450 450 400 250 200 150 350 300 450 150 150 

c
0 618.1278184971131 407.9460748677452 99.46356116689167 604.345927428985 66.30987860040162 299.6681497923995 348.24416721604973 136.12494260788506 414.78669216839637 113.78049041905207 372.6996109469394 266.9082239272518 401.7959681231259 283.365488371467 615.8936596523786 219.20766409959302 263.53178176455305 633.3924533809982 48.60041152089147 151.21177202850313 
618.1278184971131 0 394.55544604022384 703.8501260921959 551.5432893255071 551.9284373902109 326.93271479006194 551.2640020897428 482.468651831391 819.8890168797238 686.236110970561 908.5444402999779 809.811089081892 588.2465469511912 498.5037612696618 660.878960173495 611.4196594811128 781.8036837979213 163.8169710378018 605.9735967845464 677.7706101624649 
407.9460748677452 394.55544604022384 0 506.95660563799737 234.30322234233142 361.37100049671943 307.95616571194023 165.07574019219177 305.91828974417336 438.91229192174603 411.5361466505707 564.543178153806 483.6403622527797 194.164878389476 501.60143540464475 306.27601930285044 275.3470537340104 447.6885077819175 308.21096670949265 368.9146242696269 378.4772119956497 
99.46356116689167 703.8501260921959 506.95660563799737 0 698.175479374634 158.05062480104277 378.9168774282824 437.4528546026417 228.49288829195538 457.58168669648484 151.23822268196622 371.0552519504339 276.40730815229904 487.5705077217038 308.2093444397817 702.2050982440957 297.7129489961765 287.12366673612956 728.7475557420415 139.98928530426892 202.37094653136353 
604.345927428985 551.5432893255071 234.30322234233142 698.175479374634 0 570.6881810586233 541.5764027355697 265.5484889808262 526.0874452027914 461.46939226778625 573.5503465259175 639.1126661239002 590.581069794825 231.03679360655957 734.7884049166807 118.98319209031165 414.69265727765185 551.1270270999237 410.4680255513211 558.8309225517143 528.091848071905 
66.30987860040162 551.9284373902109 361.37100049671943 158.05062480104277 570.6881810586233 0 233.94443784796422 326.400061274504 70.8590149522275 438.1928799056416 161.75598906995685 421.8269787483963 314.40260813167566 383.86065179958206 245.27739398485136 594.1178334303727 219.01826407859232 304.32219767871027 570.7372425205841 72.44998274671983 184.76471524617463 
299.6681497923995 326.93271479006194 307.95616571194023 378.9168774282824 541.5764027355697 233.94443784796422 0 384.0117185711915 170.83617883809038 599.7207683580751 385.77843381920667 634.6904757438857 528.5574708581839 441.29015398034886 211.9363111880548 609.2766202637354 364.63817682738596 509.00884078766256 382.7231375289453 297.83384629689084 391.7958652155482 
348.24416721604973 551.2640020897428 165.07574019219177 437.4528546026417 265.5484889808262 326.400061274504 384.0117185711915 0 299.7665758552811 273.87953556262653 308.05843601498725 408.6477700905757 339.532030889576 60.08327554319921 533.1660154210881 268.33002068348594 149.27156460625713 301.0398644698074 473.26102734114926 300.66592756745814 262.78698597913865 
136.12494260788506 482.468651831391 305.91828974417336 228.49288829195538 526.0874452027914 70.8590149522275 170.83617883809038 299.7665758552811 0 456.607052069939 215.0348808914498 467.7018280913599 360.62445840513925 359.53581184633055 237.30571000294114 561.6733926402425 223.503914954526 344.2165016381405 500.3238950919694 127.20062892926276 224.66196829904254 
414.78669216839637 819.8890168797238 438.91229192174603 457.58168669648484 461.46939226778625 438.1928799056416 599.7207683580751 273.87953556262653 456.607052069939 0 309.7256850827842 195.143536915779 204.60694025374605 257.65092664300664 683.057830641008 389.62161131025573 236.00847442411893 177.15812146215595 746.9792500464789 373.48360071092816 264.04734423962685 
113.78049041905207 686.236110970561 411.5361466505707 151.23822268196622 573.5503465259175 161.75598906995685 385.77843381920667 308.05843601498725 215.0348808914498 309.7256850827842 0 260.8006901831358 153.9415473483361 351.2292698509052 396.8400181433319 563.7135797548254 159.70597985047397 150.08331019803634 676.6771756162609 90 51.85556864985669 
372.6996109469394 908.5444402999779 564.543178153806 371.0552519504339 639.1126661239002 421.8269787483963 634.6904757438857 408.6477700905757 467.7018280913599 195.143536915779 260.8006901831358 0 107.54068997360952 415.6549049391815 655.7232648000222 579.5670798104392 299.0401310861136 127.34991166074674 865.9636251021171 349.412363833909 243.21184181696418 
266.9082239272518 809.811089081892 483.6403622527797 276.40730815229904 590.581069794825 314.40260813167566 528.5574708581839 339.532030889576 360.62445840513925 204.60694025374605 153.9415473483361 107.54068997360952 0 360.01111093964863 550.2726596879041 549.3277710074378 209.35137926462295 39.45883931389772 777.0778596768795 241.96280705926685 136.7808466123821 
401.7959681231259 588.2465469511912 194.164878389476 487.5705077217038 231.03679360655957 383.86065179958206 441.29015398034886 60.08327554319921 359.53581184633055 257.65092664300664 351.2292698509052 415.6549049391815 360.01111093964863 0 593.2486831000975 214.67417171145672 191.92706948213427 320.6009981269553 496.42119213426014 353.5788455210521 302.82833420933383 
283.365488371467 498.5037612696618 501.60143540464475 308.2093444397817 734.7884049166807 245.27739398485136 211.9363111880548 533.1660154210881 237.30571000294114 683.057830641008 396.8400181433319 655.7232648000222 550.2726596879041 593.2486831000975 0 786.6492229704419 456.98577658391076 545.4731890753202 585.8754133772811 314.21330334662787 428.1646879414509 
615.8936596523786 660.878960173495 306.27601930285044 702.2050982440957 118.98319209031165 594.1178334303727 609.2766202637354 268.33002068348594 561.6733926402425 389.62161131025573 563.7135797548254 579.5670798104392 549.3277710074378 214.67417171145672 786.6492229704419 0 405.64146730826224 510.56439358811537 526.0769905631685 567.8811495374714 513.9357936551997 
219.20766409959302 611.4196594811128 275.3470537340104 297.7129489961765 414.69265727765185 219.01826407859232 364.63817682738596 149.27156460625713 223.503914954526 236.00847442411893 159.70597985047397 299.0401310861136 209.35137926462295 191.92706948213427 456.98577658391076 405.64146730826224 0 175.37673733993344 568.6000351741108 170.8156901458411 113.52973178863765 
263.53178176455305 781.8036837979213 447.6885077819175 287.12366673612956 551.1270270999237 304.32219767871027 509.00884078766256 301.0398644698074 344.2165016381405 177.15812146215595 150.08331019803634 127.34991166074674 39.45883931389772 320.6009981269553 545.4731890753202 510.56439358811537 175.37673733993344 0 743.9764781227966 232.43278598338918 120.34118164618461 
633.3924533809982 163.8169710378018 308.21096670949265 728.7475557420415 410.4680255513211 570.7372425205841 382.7231375289453 473.26102734114926 500.3238950919694 746.9792500464789 676.6771756162609 865.9636251021171 777.0778596768795 496.42119213426014 585.8754133772811 526.0769905631685 568.6000351741108 743.9764781227966 0 609.2946741930377 656.1745194687157 
48.60041152089147 605.9735967845464 368.9146242696269 139.98928530426892 558.8309225517143 72.44998274671983 297.83384629689084 300.66592756745814 127.20062892926276 373.48360071092816 90 349.412363833909 241.96280705926685 353.5788455210521 314.21330334662787 567.8811495374714 170.8156901458411 232.43278598338918 609.2946741930377 0 113.95174417269794 
151.21177202850313 677.7706101624649 378.4772119956497 202.37094653136353 528.091848071905 184.76471524617463 391.7958652155482 262.78698597913865 224.66196829904254 264.04734423962685 51.85556864985669 243.21184181696418 136.7808466123821 302.82833420933383 428.1646879414509 513.9357936551997 113.52973178863765 120.34118164618461 656.1745194687157 113.95174417269794 0 

Coordinates
x y
147 488
728 699
533 356
50 510
650 153
208 514
407 637
404 253
278 525
195 76
122 377
11 141
65 234
423 196
233 758
584 54
263 302
104 228
778 543
176 449
155 337
